1 314 40
2 24 1
2 37 1
2 117 4
2 141 6
2 177 3
2 494 1
2 504 43
2 506 1
3 117 1
3 616 33
4 77 1
4 81 1
4 153 20
4 504 35
4 602 6
5 9 17
5 12 7
5 157 32
5 292 1
5 337 1
6 39 75
6 68 2
6 98 1
6 130 4
6 350 8
6 369 30
6 442 2
6 561 1
6 573 1
7 25 3
7 43 1
7 52 1
7 54 1
7 61 4
7 69 1
7 134 1
7 190 54
7 270 38
7 272 1
7 320 1
7 376 20
7 393 12
7 394 12
7 446 1
7 448 1
7 454 1
7 473 3
7 527 1
7 539 2
7 557 3
7 576 3
7 622 7
7 631 17
7 640 2
8 15 1
8 17 2
8 21 1
8 33 2
8 35 12
8 43 2
8 77 4
8 84 9
8 85 7
8 92 3
8 104 1
8 113 1
8 124 1
8 132 3
8 138 1
8 187 2
8 190 2
8 202 4
8 215 1
8 219 2
8 245 1
8 247 9
8 249 20
8 250 15
8 259 1
8 260 2
8 281 2
8 283 3
8 285 2
8 309 2
8 355 5
8 357 10
8 358 3
8 368 3
8 370 1
8 373 3
8 383 15
8 384 2
8 427 15
8 434 49
8 438 2
8 440 7
8 441 12
8 455 1
8 462 2
8 475 1
8 489 1
8 502 3
8 515 4
8 529 1
8 532 3
8 538 3
8 544 3
8 548 1
8 596 4
8 600 1
9 10 98
9 11 38
9 12 113
9 20 11
9 32 1
9 35 23
9 37 7
9 50 28
9 70 31
9 72 10
9 77 32
9 87 4
9 88 9
9 89 14
9 104 35
9 110 4
9 111 1
9 115 2
9 116 1
9 123 29
9 127 1
9 133 51
9 136 37
9 138 25
9 144 37
9 145 149
9 149 29
9 155 26
9 157 50
9 159 57
9 163 4
9 164 11
9 166 1
9 180 1
9 186 50
9 203 2
9 206 11
9 207 20
9 209 2
9 225 157
9 231 23
9 236 5
9 240 11
9 242 13
9 245 4
9 254 2
9 257 2
9 259 4
9 260 2
9 288 60
9 300 10
9 306 13
9 307 4
9 309 4
9 312 27
9 324 9
9 325 1
9 330 29
9 336 40
9 337 25
9 346 1
9 349 9
9 350 1
9 354 4
9 358 4
9 370 49
9 380 2
9 386 28
9 388 32
9 398 1
9 403 3
9 404 60
9 405 15
9 411 49
9 415 8
9 420 1
9 425 2
9 429 2
9 430 5
9 453 5
9 455 4
9 456 16
9 466 4
9 472 15
9 474 4
9 475 11
9 477 2
9 478 7
9 485 15
9 490 27
9 491 10
9 492 2
9 493 36
9 513 27
9 514 2
9 528 1
9 530 44
9 532 38
9 533 188
9 534 6
9 536 42
9 537 18
9 539 19
9 541 2
9 546 51
9 548 42
9 549 6
9 557 3
9 567 59
9 597 1
9 599 8
9 600 36
9 630 10
9 632 1
9 634 2
9 636 6
9 637 42
9 638 8
9 639 35
12 70 3
12 104 4
12 105 8
12 129 13
12 133 2
12 138 3
12 155 4
12 157 9
12 288 5
12 312 3
12 330 4
12 336 4
12 370 5
12 388 4
12 402 10
12 404 5
12 456 1
12 490 4
12 513 2
12 532 4
12 548 12
12 567 3
12 600 5
12 618 2
12 637 3
13 100 6
13 136 1
13 143 17
13 174 1
13 224 7
13 225 12
13 273 5
13 388 12
13 395 1
13 533 39
13 547 1
13 568 1
14 149 37
14 196 8
14 387 1
15 33 5
15 36 4
15 43 9
15 58 2
15 61 3
15 87 7
15 104 2
15 125 10
15 138 2
15 159 28
15 161 2
15 187 2
15 190 5
15 203 22
15 204 5
15 231 1
15 252 2
15 259 2
15 260 2
15 262 19
15 278 2
15 297 94
15 308 3
15 309 4
15 315 6
15 349 7
15 363 27
15 370 2
15 379 59
15 383 6
15 397 3
15 424 3
15 471 35
15 480 1
15 489 1
15 498 2
15 500 2
15 516 21
15 531 10
15 532 2
15 538 3
15 548 2
15 596 10
15 600 2
15 630 6
15 631 7
15 635 15
16 21 6
16 220 6
16 580 27
17 20 1
17 21 7
17 44 1
17 53 1
17 85 2
17 126 2
17 127 2
17 134 2
17 145 1
17 202 4
17 219 1
17 220 3
17 247 3
17 248 2
17 250 1
17 251 2
17 270 1
17 283 1
17 297 1
17 309 1
17 329 46
17 427 3
17 434 2
17 440 4
17 478 2
17 502 1
17 524 2
17 596 1
17 617 3
17 625 1
18 275 30
18 401 68
18 485 9
18 623 13
19 131 1
19 196 44
19 258 25
19 269 4
19 368 8
19 371 12
19 373 2
20 62 2
20 65 1
20 89 2
20 110 1
20 145 1
20 149 126
20 150 4
20 155 3
20 201 4
20 231 3
20 405 22
20 411 2
20 426 1
20 459 11
20 464 3
20 466 2
20 530 1
20 548 1
20 628 2
21 88 3
21 134 3
21 159 4
21 161 1
21 203 40
21 204 3
21 220 7
21 261 1
21 262 2
21 329 14
21 439 6
21 440 1
21 468 1
21 480 2
21 617 9
21 628 2
22 88 4
22 116 1
22 262 7
22 305 27
22 322 4
22 349 2
22 478 21
22 480 74
22 530 2
22 562 1
22 617 5
23 24 31
23 39 3
23 81 1
23 112 2
23 114 20
23 115 6
23 146 1
23 214 1
23 436 1
23 451 5
23 542 2
23 602 3
23 616 4
24 112 16
24 114 18
24 115 4
24 136 3
24 153 38
24 159 4
24 214 3
24 330 1
24 467 1
24 470 1
24 476 1
24 477 5
24 594 1
24 626 1
25 42 190
25 61 3
25 393 3
25 609 9
26 259 72
26 268 1
26 270 4
26 276 7
26 634 4
26 640 1
27 250 1
27 287 8
27 440 2
27 509 43
28 29 35
28 30 42
28 47 2
28 92 15
28 110 1
28 205 6
28 215 1
28 221 8
28 238 1
28 414 6
28 420 1
28 425 3
28 486 23
28 536 2
28 538 2
28 546 2
29 37 4
29 92 5
29 159 5
29 205 6
29 242 2
29 415 30
29 425 5
29 486 12
29 603 4
30 571 50
31 37 10
31 56 2
31 62 2
31 72 10
31 77 2
31 79 1
31 86 73
31 87 1
31 109 16
31 130 4
31 133 1
31 137 27
31 162 58
31 164 25
31 188 2
31 203 1
31 212 1
31 255 2
31 259 1
31 260 1
31 262 3
31 270 5
31 280 1
31 288 2
31 306 26
31 309 2
31 321 1
31 331 2
31 346 1
31 351 5
31 370 1
31 418 1
31 443 9
31 454 1
31 456 2
31 475 7
31 492 4
31 498 1
31 527 1
31 534 34
31 541 11
31 551 2
31 558 2
31 567 1
31 570 1
31 573 2
31 576 1
31 588 3
31 595 2
31 602 3
31 603 5
31 615 4
31 628 13
31 640 1
32 259 60
32 334 6
32 634 5
33 35 14
33 36 1
33 43 45
33 44 10
33 57 7
33 86 1
33 87 7
33 88 9
33 104 2
33 125 4
33 133 2
33 138 2
33 157 1
33 159 18
33 170 4
33 187 21
33 190 2
33 203 5
33 249 14
33 252 2
33 258 2
33 259 4
33 278 3
33 308 2
33 309 12
33 315 2
33 324 6
33 330 2
33 345 3
33 349 2
33 355 16
33 363 2
33 364 3
33 367 4
33 371 1
33 383 6
33 384 242
33 397 2
33 424 28
33 430 2
33 453 1
33 471 2
33 478 4
33 489 3
33 490 2
33 492 2
33 494 2
33 498 2
33 502 21
33 516 6
33 531 4
33 584 28
33 596 25
33 613 2
33 628 1
34 390 4
34 623 107
35 39 8
35 43 12
35 48 2
35 72 4
35 86 2
35 87 3
35 98 1
35 100 3
35 102 4
35 109 6
35 111 6
35 116 2
35 123 42
35 125 2
35 126 7
35 127 2
35 145 13
35 149 5
35 159 40
35 163 5
35 164 5
35 168 3
35 177 1
35 186 6
35 187 9
35 188 1
35 190 3
35 197 2
35 202 25
35 203 8
35 215 9
35 225 4
35 231 17
35 240 42
35 241 2
35 242 4
35 245 5
35 257 1
35 259 13
35 260 11
35 265 35
35 270 5
35 274 3
35 278 4
35 282 1
35 283 6
35 284 2
35 295 5
35 298 2
35 306 5
35 307 3
35 308 2
35 309 4
35 324 8
35 325 1
35 331 1
35 336 4
35 349 3
35 358 1
35 363 2
35 375 4
35 386 2
35 397 2
35 401 8
35 406 4
35 408 2
35 411 4
35 416 8
35 424 8
35 425 5
35 443 4
35 456 12
35 466 4
35 471 2
35 475 3
35 477 2
35 481 1
35 485 2
35 486 20
35 496 6
35 498 2
35 516 4
35 528 1
35 530 3
35 531 2
35 534 3
35 535 18
35 536 1
35 538 5
35 539 5
35 541 4
35 546 1
35 549 4
35 557 6
35 560 5
35 585 16
35 596 14
35 600 3
35 632 3
35 637 3
35 638 6
36 53 41
36 57 2
36 86 2
36 88 3
36 100 1
36 134 37
36 146 4
36 159 16
36 161 5
36 167 1
36 203 33
36 204 3
36 220 38
36 291 2
36 324 2
36 329 1
36 349 1
36 364 2
36 430 2
36 436 1
36 439 73
36 514 1
36 562 1
36 576 3
36 577 2
36 580 29
36 581 14
37 47 4
37 66 3
37 67 2
37 72 6
37 77 1
37 79 2
37 80 2
37 92 5
37 96 1
37 100 5
37 116 2
37 123 1
37 133 3
37 153 2
37 154 1
37 156 1
37 159 7
37 164 1
37 165 3
37 179 9
37 186 2
37 190 2
37 205 5
37 206 2
37 207 4
37 224 3
37 242 5
37 254 8
37 255 1
37 314 3
37 349 6
37 364 1
37 388 1
37 389 1
37 390 1
37 400 2
37 403 1
37 411 1
37 414 11
37 415 37
37 425 5
37 455 8
37 458 3
37 470 5
37 474 3
37 493 1
37 504 2
37 508 1
37 533 2
37 534 3
37 539 12
37 587 1
37 602 17
37 603 7
37 638 1
38 118 31
38 190 2
38 231 1
38 247 1
38 257 2
38 262 3
38 269 1
38 297 1
38 314 1
38 325 2
38 473 1
38 478 73
38 539 1
38 566 1
38 595 1
38 625 10
39 40 79
39 41 129
39 42 1
39 52 2
39 56 2
39 68 39
39 69 2
39 73 51
39 74 3
39 75 31
39 77 14
39 87 1
39 98 73
39 103 1
39 109 1
39 113 39
39 116 3
39 123 21
39 126 2
39 130 115
39 138 1
39 140 1
39 143 1
39 151 22
39 163 5
39 164 3
39 166 166
39 167 39
39 171 92
39 177 39
39 179 3
39 188 2
39 192 1
39 210 1
39 216 1
39 220 2
39 224 5
39 227 61
39 229 204
39 230 48
39 231 5
39 242 10
39 244 25
39 249 1
39 252 6
39 255 2
39 259 1
39 262 2
39 265 3
39 266 5
39 270 3
39 273 2
39 274 57
39 288 1
39 293 3
39 296 2
39 298 40
39 299 30
39 307 1
39 309 1
39 320 2
39 321 1
39 324 2
39 330 1
39 332 3
39 339 2
39 344 27
39 350 110
39 370 1
39 372 1
39 377 25
39 383 5
39 401 16
39 406 9
39 407 4
39 408 5
39 409 49
39 412 6
39 416 22
39 419 3
39 425 11
39 426 1
39 429 27
39 430 2
39 431 4
39 438 3
39 442 47
39 452 4
39 469 1
39 475 3
39 484 1
39 485 29
39 492 1
39 494 2
39 503 27
39 514 2
39 515 1
39 532 1
39 539 1
39 541 1
39 548 2
39 553 40
39 557 1
39 560 45
39 561 27
39 564 3
39 566 2
39 567 1
39 571 1
39 572 113
39 573 25
39 585 1
39 586 2
39 593 5
39 600 1
39 610 2
39 611 5
39 615 4
39 623 2
39 628 30
39 629 45
39 633 14
39 635 1
39 639 2
40 560 3
41 177 36
41 350 27
41 560 6
42 43 1
42 58 1
42 61 8
42 63 2
42 64 1
42 69 3
42 87 4
42 104 1
42 125 10
42 130 2
42 133 1
42 138 1
42 139 2
42 158 27
42 159 24
42 160 2
42 161 8
42 164 7
42 180 9
42 182 5
42 187 2
42 188 7
42 190 31
42 191 1
42 203 3
42 208 10
42 222 1
42 226 1
42 253 1
42 262 14
42 270 4
42 308 2
42 309 1
42 311 1
42 315 4
42 319 1
42 330 1
42 344 3
42 345 1
42 346 5
42 347 2
42 356 6
42 363 2
42 376 2
42 381 1
42 383 6
42 389 23
42 390 48
42 393 4
42 394 9
42 397 4
42 423 29
42 424 7
42 431 1
42 434 1
42 445 3
42 471 3
42 473 4
42 490 1
42 498 1
42 500 7
42 516 23
42 531 27
42 549 2
42 557 1
42 559 11
42 570 1
42 573 6
42 576 5
42 596 5
42 609 38
42 619 27
42 631 8
42 635 15
42 640 1
43 44 130
43 87 3
43 88 1
43 102 30
43 104 1
43 125 2
43 138 1
43 159 14
43 187 13
43 190 3
43 203 3
43 223 1
43 249 21
43 250 9
43 252 2
43 259 5
43 260 1
43 307 1
43 308 2
43 309 5
43 315 1
43 355 8
43 363 2
43 367 2
43 370 1
43 383 6
43 384 134
43 397 2
43 424 1
43 440 5
43 471 2
43 486 27
43 489 2
43 498 2
43 500 2
43 516 3
43 531 2
43 532 1
43 548 1
43 557 1
43 596 17
43 598 4
43 600 1
43 601 3
43 613 1
44 250 2
45 231 3
45 351 43
45 352 19
45 385 49
45 530 2
45 640 1
46 89 2
46 116 14
46 127 1
46 223 1
46 249 9
46 251 48
46 253 6
46 258 12
46 335 1
46 348 1
46 424 3
46 440 3
46 562 2
46 577 1
46 630 2
47 58 2
47 99 1
47 102 1
47 116 1
47 124 3
47 135 11
47 156 16
47 159 13
47 169 27
47 190 17
47 209 2
47 213 5
47 223 2
47 308 12
47 319 9
47 409 1
47 445 20
47 447 3
47 473 2
47 486 21
47 494 4
47 509 76
47 558 24
47 620 2
47 631 1
48 106 3
48 240 63
48 243 5
48 244 2
48 434 1
48 463 1
49 64 3
49 74 1
49 77 1
49 104 1
49 138 2
49 187 1
49 215 4
49 217 2
49 240 20
49 258 11
49 259 2
49 260 1
49 288 1
49 309 2
49 330 1
49 339 2
49 370 2
49 372 1
49 391 1
49 396 1
49 427 20
49 434 1
49 450 1
49 463 4
49 480 1
49 499 2
49 520 35
49 532 2
49 548 2
49 567 1
49 568 1
49 596 2
49 600 2
49 602 1
50 225 7
50 336 5
50 370 7
50 388 5
50 404 3
50 472 5
50 491 1
50 533 10
50 599 2
50 600 4
50 637 7
50 639 8
50 641 4
51 371 42
51 634 1
52 245 1
52 326 48
52 357 1
52 393 2
52 527 1
52 575 1
52 612 2
52 631 6
53 440 2
53 617 7
54 367 90
54 631 7
55 449 4
55 620 49
56 62 2
56 74 3
56 82 2
56 91 1
56 97 2
56 98 2
56 110 76
56 111 5
56 116 16
56 120 2
56 168 5
56 169 1
56 191 1
56 213 1
56 233 1
56 322 2
56 331 2
56 339 1
56 342 9
56 359 9
56 391 1
56 400 2
56 430 3
56 438 11
56 452 1
56 461 9
56 469 16
56 480 2
56 492 1
56 514 4
56 552 4
56 565 6
56 568 2
56 569 2
56 570 2
56 582 27
56 586 3
56 592 9
56 631 2
56 632 1
56 638 2
57 259 3
57 281 1
57 309 45
57 324 1
57 368 4
57 424 2
57 430 2
58 87 3
58 125 3
58 130 1
58 159 18
58 172 55
58 187 2
58 190 5
58 203 1
58 238 1
58 278 2
58 308 12
58 310 1
58 315 3
58 319 28
58 355 4
58 363 3
58 383 4
58 384 1
58 397 1
58 445 16
58 447 9
58 471 3
58 486 47
58 489 13
58 498 1
58 516 3
58 531 3
58 538 14
58 569 2
58 576 4
58 596 1
58 601 16
59 117 2
59 140 5
59 254 36
59 380 2
59 413 30
59 444 1
59 575 2
59 577 3
59 602 8
60 62 3
60 77 1
60 82 46
60 87 5
60 103 2
60 104 1
60 120 2
60 125 3
60 130 5
60 133 4
60 138 1
60 143 30
60 145 2
60 153 1
60 158 33
60 159 32
60 160 4
60 161 11
60 164 8
60 167 12
60 176 26
60 177 2
60 179 12
60 187 2
60 188 5
60 190 20
60 203 3
60 208 1
60 218 1
60 235 1
60 281 1
60 298 1
60 308 3
60 309 1
60 315 4
60 322 1
60 330 1
60 331 2
60 339 2
60 346 3
60 353 1
60 355 1
60 358 1
60 363 2
60 383 23
60 389 1
60 390 1
60 397 29
60 402 1
60 403 1
60 430 2
60 431 1
60 456 1
60 470 2
60 471 4
60 473 1
60 475 3
60 481 2
60 489 1
60 490 5
60 491 5
60 494 2
60 498 3
60 504 1
60 513 3
60 516 3
60 531 4
60 539 2
60 563 9
60 575 1
60 576 2
60 577 1
60 578 1
60 588 1
60 589 7
60 593 1
60 595 2
60 596 4
60 599 1
60 615 3
60 625 1
60 631 8
60 633 2
61 157 8
61 224 1
61 262 35
61 480 19
61 608 2
61 631 9
62 63 97
62 82 2
62 120 8
62 139 5
62 159 30
62 161 8
62 167 2
62 181 4
62 189 13
62 190 73
62 191 3
62 223 4
62 236 1
62 260 2
62 270 12
62 281 1
62 322 2
62 324 1
62 328 2
62 331 2
62 346 1
62 358 1
62 375 1
62 376 2
62 393 6
62 430 2
62 439 2
62 449 2
62 454 7
62 479 17
62 494 1
62 508 9
62 538 4
62 543 1
62 545 3
62 586 3
62 609 1
62 620 5
62 622 11
63 119 3
63 159 3
63 189 6
63 190 42
63 270 1
63 355 2
63 538 4
63 611 1
64 84 10
64 187 1
64 215 6
64 219 1
64 240 35
64 259 1
64 309 1
64 391 3
64 438 2
64 450 1
64 463 1
64 525 5
64 583 29
64 596 1
65 112 12
65 152 4
65 170 2
65 184 1
65 187 2
65 188 3
65 196 25
65 224 2
65 239 16
65 263 2
65 269 10
65 270 45
65 280 22
65 305 22
65 309 1
65 324 2
65 333 1
65 387 12
65 426 1
65 451 3
65 454 1
65 462 5
65 466 1
65 477 5
65 479 1
65 528 3
65 530 3
65 556 1
65 565 1
65 578 1
65 640 1
66 206 43
66 207 10
66 564 2
67 87 35
67 102 3
67 123 4
67 124 8
67 159 7
67 187 15
67 220 1
67 223 4
67 226 1
67 250 1
67 260 6
67 262 1
67 291 1
67 319 1
67 349 7
67 384 1
67 415 4
67 424 1
67 466 2
67 473 2
67 486 14
67 487 1
67 494 1
67 502 1
67 509 64
67 516 2
67 596 16
67 601 7
67 609 1
68 230 3
68 572 3
69 87 3
69 104 1
69 125 34
69 138 1
69 159 17
69 161 1
69 187 1
69 190 5
69 203 2
69 252 2
69 259 1
69 260 1
69 262 3
69 308 1
69 309 2
69 315 4
69 349 1
69 363 15
69 370 1
69 374 1
69 383 5
69 397 2
69 401 1
69 471 4
69 475 2
69 498 1
69 500 37
69 516 26
69 531 10
69 532 1
69 548 1
69 596 3
69 600 1
69 635 37
70 77 1
70 104 4
70 133 5
70 138 2
70 145 1
70 155 2
70 157 2
70 224 1
70 273 1
70 288 4
70 330 5
70 336 6
70 370 6
70 388 7
70 490 4
70 508 2
70 532 2
70 533 15
70 536 7
70 546 1
70 548 4
70 567 5
70 600 5
70 601 2
70 636 2
70 637 10
70 639 6
71 196 27
71 202 1
71 217 41
71 333 1
71 499 11
72 74 3
72 86 2
72 87 1
72 103 1
72 109 6
72 123 1
72 133 1
72 136 1
72 164 56
72 167 1
72 179 2
72 188 5
72 212 1
72 222 51
72 224 2
72 255 1
72 260 2
72 262 1
72 270 2
72 273 2
72 288 2
72 296 1
72 306 27
72 309 2
72 314 6
72 321 1
72 324 2
72 344 7
72 351 2
72 370 4
72 398 1
72 406 2
72 408 1
72 427 2
72 430 2
72 437 40
72 443 6
72 454 4
72 455 16
72 456 41
72 474 56
72 475 3
72 489 1
72 492 46
72 498 1
72 514 1
72 530 13
72 534 27
72 537 1
72 541 8
72 570 1
72 586 2
72 595 2
72 603 2
72 633 2
74 120 3
74 153 9
74 323 42
74 473 7
74 475 8
74 481 5
74 494 2
75 98 2
75 130 3
75 324 1
75 350 4
76 77 6
76 106 2
76 240 90
76 245 3
76 248 1
76 289 1
76 295 1
76 359 1
76 396 2
76 399 1
76 427 1
76 450 1
76 525 1
76 542 1
77 79 4
77 80 1
77 81 2
77 100 2
77 126 4
77 144 2
77 151 1
77 153 19
77 171 2
77 173 1
77 179 6
77 193 1
77 195 1
77 224 4
77 225 1
77 226 4
77 229 1
77 249 1
77 256 1
77 269 1
77 283 1
77 301 1
77 322 7
77 341 4
77 357 1
77 370 1
77 373 2
77 374 2
77 404 2
77 432 1
77 440 2
77 450 1
77 484 1
77 490 1
77 504 5
77 527 1
77 530 7
77 538 2
77 566 3
77 568 2
77 577 1
77 583 1
77 602 14
77 607 1
77 630 24
77 631 2
77 639 2
78 141 2
78 234 30
78 322 4
78 413 4
78 433 1
78 442 1
78 470 4
78 504 8
78 602 9
78 616 7
79 80 34
79 123 4
79 153 29
79 159 17
79 165 1
79 194 2
79 200 36
79 254 109
79 255 7
79 257 1
79 317 2
79 382 1
79 386 1
79 390 2
79 413 14
79 433 1
79 504 28
79 560 1
79 602 23
80 200 42
80 413 46
81 225 1
81 234 3
81 332 1
81 413 8
81 417 1
81 504 43
81 602 21
81 616 20
82 117 2
82 133 2
82 143 5
82 159 17
82 160 16
82 161 7
82 176 27
82 179 3
82 187 1
82 208 1
82 225 1
82 236 1
82 291 2
82 292 1
82 314 1
82 322 1
82 331 2
82 383 11
82 431 1
82 481 1
82 559 1
82 563 8
82 627 6
83 84 114
83 85 42
83 121 3
83 132 2
83 184 68
83 202 53
83 217 1
83 219 46
83 247 48
83 265 3
83 269 4
83 293 1
83 396 1
83 440 1
83 479 1
83 522 5
83 542 3
83 611 1
84 85 46
84 110 21
84 111 1
84 113 1
84 156 1
84 159 3
84 161 1
84 183 4
84 184 24
84 196 12
84 202 45
84 215 2
84 217 16
84 219 95
84 231 1
84 233 1
84 240 42
84 247 31
84 250 1
84 265 8
84 285 2
84 294 1
84 296 10
84 324 1
84 333 1
84 351 1
84 364 1
84 401 1
84 440 3
84 469 1
84 486 3
84 499 25
84 502 2
84 514 1
84 522 17
84 525 4
84 537 1
84 538 1
84 542 10
84 557 6
84 560 1
84 565 2
84 568 3
84 585 2
84 587 1
84 603 1
84 610 6
85 184 2
85 202 6
85 219 9
86 100 1
86 137 7
86 162 21
86 208 1
86 259 2
86 260 1
86 306 7
86 331 1
86 352 1
86 418 1
86 443 2
86 454 1
86 456 1
86 492 1
86 534 6
86 557 1
86 570 1
87 88 24
87 101 2
87 103 2
87 104 2
87 107 3
87 125 11
87 126 4
87 133 2
87 138 2
87 158 34
87 159 37
87 160 3
87 161 16
87 164 5
87 170 1
87 187 9
87 190 10
87 203 22
87 220 2
87 231 1
87 252 4
87 260 3
87 278 3
87 303 2
87 308 6
87 309 2
87 315 8
87 330 2
87 363 11
87 383 13
87 397 7
87 424 9
87 430 2
87 471 43
87 475 2
87 480 3
87 486 19
87 489 2
87 490 2
87 498 2
87 516 27
87 531 12
87 570 1
87 576 8
87 588 1
87 596 21
87 601 13
87 622 1
87 630 13
87 631 5
87 635 6
88 112 9
88 126 2
88 145 1
88 159 23
88 170 6
88 203 16
88 204 6
88 220 8
88 223 4
88 231 1
88 250 1
88 259 1
88 260 5
88 261 2
88 262 33
88 268 13
88 297 3
88 305 14
88 335 1
88 354 8
88 363 2
88 368 1
88 424 6
88 440 2
88 451 13
88 471 1
88 478 33
88 480 15
88 486 15
88 502 4
88 511 1
88 516 4
88 524 1
88 596 2
88 625 12
89 127 3
89 149 62
89 150 2
89 201 3
89 258 3
89 260 2
89 272 2
89 290 2
89 337 4
89 368 2
89 400 2
89 405 14
89 430 3
89 464 3
89 493 1
89 508 6
89 514 1
89 545 3
89 550 2
89 562 1
89 586 1
89 634 2
90 122 1
90 151 1
90 179 1
90 211 1
90 251 1
90 293 4
90 303 4
90 316 32
90 324 38
90 327 4
90 341 4
90 351 23
90 364 1
90 382 2
90 400 1
90 404 1
90 425 12
90 429 1
90 430 1
90 431 18
90 459 6
90 496 32
90 497 41
90 514 1
90 537 1
90 539 3
90 557 8
90 558 1
90 603 23
90 607 1
90 615 1
90 628 22
91 104 1
91 111 1
91 125 1
91 133 1
91 138 1
91 187 2
91 219 7
91 233 8
91 259 1
91 266 1
91 309 2
91 330 1
91 342 1
91 350 1
91 358 1
91 401 2
91 412 1
91 490 1
91 516 1
91 531 1
91 538 1
91 596 1
91 603 2
91 610 19
91 611 29
92 93 43
92 94 36
92 95 52
92 96 47
92 97 5
92 103 1
92 104 1
92 108 1
92 122 5
92 125 1
92 126 1
92 133 1
92 135 1
92 138 1
92 143 1
92 146 2
92 147 30
92 151 32
92 167 2
92 177 9
92 181 1
92 187 1
92 188 3
92 190 6
92 205 3
92 212 1
92 216 1
92 217 1
92 221 8
92 224 1
92 226 3
92 229 3
92 238 29
92 252 2
92 254 1
92 255 3
92 256 32
92 259 1
92 266 1
92 270 4
92 280 3
92 282 1
92 291 1
92 293 1
92 296 2
92 298 2
92 299 11
92 306 2
92 309 2
92 315 1
92 324 4
92 330 1
92 334 1
92 336 1
92 341 14
92 346 3
92 351 3
92 355 1
92 357 98
92 360 2
92 361 2
92 364 35
92 365 3
92 372 1
92 374 11
92 383 9
92 395 6
92 401 1
92 402 1
92 406 5
92 407 1
92 414 1
92 419 60
92 422 43
92 425 6
92 430 3
92 431 3
92 432 35
92 434 1
92 475 9
92 484 1
92 486 4
92 489 1
92 490 1
92 491 4
92 492 1
92 494 2
92 497 1
92 500 2
92 504 1
92 507 1
92 513 1
92 514 1
92 515 2
92 516 1
92 521 1
92 530 5
92 531 2
92 535 1
92 541 1
92 543 1
92 544 28
92 552 1
92 557 4
92 558 1
92 566 2
92 573 24
92 574 7
92 577 1
92 587 32
92 588 1
92 590 1
92 600 1
92 602 3
92 603 27
92 607 34
92 630 6
92 631 6
92 633 2
92 639 1
93 197 48
95 364 2
96 364 19
96 607 16
97 154 82
97 199 30
97 228 48
97 339 18
97 415 2
97 475 3
97 549 40
98 227 43
98 332 3
98 350 16
98 416 2
98 623 1
98 633 35
99 135 37
99 153 42
99 322 10
100 136 1
100 151 1
100 224 6
100 225 2
100 273 8
100 275 1
100 386 1
100 508 1
100 533 32
100 641 2
101 117 4
101 339 1
101 545 2
101 572 1
101 575 1
101 602 6
101 616 81
102 123 1
102 159 3
102 223 3
102 249 30
102 287 19
102 384 1
102 415 3
102 424 1
102 440 1
102 486 27
102 509 40
103 193 13
103 504 135
103 602 1
104 105 99
104 125 2
104 129 27
104 133 13
104 138 8
104 155 4
104 157 4
104 187 1
104 288 10
104 290 2
104 309 4
104 330 5
104 336 10
104 358 1
104 370 13
104 402 41
104 404 24
104 443 2
104 472 8
104 490 14
104 493 7
104 508 2
104 513 6
104 516 2
104 531 2
104 532 8
104 546 1
104 548 53
104 550 1
104 567 10
104 596 2
104 600 12
104 637 10
106 181 1
106 240 43
106 241 3
106 242 2
106 243 10
106 244 3
106 463 4
106 542 3
107 108 43
107 116 33
107 154 1
107 188 2
107 209 1
107 238 1
107 255 1
107 299 2
107 324 2
107 337 3
107 360 6
107 399 1
107 430 1
107 431 43
107 458 1
107 484 1
107 489 1
107 497 1
107 512 3
107 537 2
107 558 1
107 573 3
107 587 3
107 603 21
107 605 98
107 620 1
109 130 5
109 162 1
109 164 8
109 188 2
109 212 1
109 255 2
109 270 1
109 288 2
109 306 30
109 321 1
109 351 3
109 370 1
109 394 1
109 401 3
109 425 12
109 430 2
109 443 24
109 453 1
109 492 2
109 498 1
109 534 20
109 541 9
109 558 2
109 596 2
109 606 30
109 628 13
109 637 2
110 111 51
110 113 1
110 116 3
110 138 1
110 145 5
110 157 2
110 168 12
110 175 38
110 179 4
110 191 27
110 196 3
110 202 3
110 211 2
110 215 5
110 218 8
110 219 17
110 223 4
110 224 1
110 226 3
110 229 2
110 231 33
110 232 8
110 245 1
110 249 5
110 253 3
110 258 7
110 265 21
110 266 21
110 270 2
110 272 1
110 285 12
110 288 3
110 294 2
110 296 24
110 299 13
110 303 5
110 311 7
110 325 1
110 330 1
110 331 2
110 333 1
110 338 2
110 339 8
110 342 73
110 359 33
110 362 1
110 364 2
110 368 4
110 383 2
110 391 12
110 396 9
110 397 1
110 400 2
110 402 3
110 404 4
110 406 4
110 412 18
110 426 2
110 438 142
110 440 3
110 442 1
110 443 1
110 450 3
110 452 2
110 456 1
110 460 35
110 461 66
110 469 133
110 475 10
110 490 1
110 491 1
110 492 3
110 499 2
110 502 19
110 504 1
110 508 2
110 515 3
110 521 1
110 524 2
110 527 83
110 530 2
110 535 8
110 552 57
110 557 3
110 564 12
110 565 45
110 566 1
110 568 30
110 569 1
110 582 70
110 585 4
110 592 6
110 595 2
110 596 5
110 601 1
110 603 5
110 607 7
110 610 17
110 611 14
110 630 4
110 631 36
110 632 24
110 638 27
110 640 1
111 153 1
111 191 1
111 209 1
111 265 19
111 296 11
111 469 9
111 557 1
111 560 1
111 565 15
111 582 1
111 583 11
111 610 12
112 113 1
112 114 5
112 115 1
112 126 1
112 127 1
112 135 2
112 149 7
112 153 6
112 155 6
112 157 13
112 159 10
112 161 8
112 165 2
112 169 1
112 187 7
112 195 2
112 196 32
112 205 1
112 211 11
112 214 1
112 217 2
112 219 4
112 220 2
112 221 4
112 223 3
112 231 2
112 239 1
112 240 4
112 249 1
112 250 5
112 257 4
112 258 5
112 261 2
112 265 1
112 268 4
112 269 57
112 270 12
112 274 1
112 280 8
112 294 2
112 304 3
112 314 2
112 322 1
112 333 2
112 354 9
112 368 1
112 371 3
112 373 1
112 374 1
112 388 1
112 401 1
112 404 2
112 414 1
112 440 1
112 445 2
112 447 1
112 451 4
112 453 4
112 468 2
112 469 1
112 477 9
112 478 6
112 480 7
112 486 1
112 489 1
112 502 5
112 514 1
112 516 1
112 518 4
112 534 3
112 538 2
112 540 1
112 542 2
112 548 4
112 552 2
112 562 3
112 565 1
112 566 2
112 573 1
112 576 2
112 579 6
112 587 1
112 594 19
112 602 3
112 608 2
112 610 2
112 616 2
112 625 2
112 628 2
112 637 1
112 639 2
112 641 2
113 138 3
113 259 3
113 288 3
113 330 3
113 370 3
113 416 4
113 532 3
113 548 3
113 567 3
114 115 4
114 117 2
114 151 5
114 153 42
114 192 1
114 214 3
114 234 4
114 320 1
114 347 3
114 433 4
114 504 6
114 579 1
114 602 9
114 616 4
115 117 2
115 234 7
115 254 62
115 413 10
115 470 5
115 602 2
116 117 66
116 138 1
116 148 2
116 153 5
116 231 3
116 233 30
116 260 9
116 268 19
116 273 18
116 282 180
116 303 28
116 322 50
116 324 29
116 339 37
116 352 78
116 386 6
116 442 1
116 447 6
116 486 14
116 495 7
116 512 34
116 524 3
116 526 60
116 569 4
116 570 2
116 577 1
116 595 1
116 609 2
117 141 3
117 146 2
117 320 2
117 322 21
117 339 3
117 413 9
117 504 14
117 602 5
117 616 10
118 307 2
118 478 9
118 530 2
118 614 1
119 133 1
119 145 5
119 148 1
119 149 1
119 156 1
119 159 38
119 169 1
119 189 2
119 213 2
119 221 1
119 223 4
119 231 4
119 240 3
119 259 1
119 266 1
119 278 5
119 296 7
119 346 8
119 355 5
119 357 3
119 383 22
119 384 1
119 393 3
119 394 2
119 422 1
119 440 1
119 445 4
119 453 1
119 457 1
119 469 3
119 486 21
119 513 2
119 524 1
119 533 1
119 534 2
119 538 36
119 545 1
119 558 4
119 582 1
119 603 21
119 610 15
119 611 8
119 620 5
119 631 4
119 639 1
119 640 1
120 139 1
120 143 1
120 161 1
120 170 1
120 181 1
120 190 29
120 260 1
120 281 1
120 284 1
120 320 3
120 325 1
120 452 8
120 473 26
120 563 4
120 570 2
120 595 2
120 625 1
120 626 1
121 242 1
121 294 1
121 542 49
121 543 3
122 341 1
122 475 62
122 607 6
123 205 2
123 260 1
123 415 8
123 416 5
123 534 14
124 168 1
124 223 1
124 238 1
124 245 1
124 358 2
124 424 12
124 486 58
124 524 8
124 630 1
125 130 6
125 133 2
125 137 2
125 138 2
125 141 2
125 159 20
125 161 12
125 164 4
125 187 2
125 188 1
125 190 6
125 203 7
125 259 2
125 260 1
125 262 14
125 264 1
125 297 6
125 308 5
125 309 4
125 314 2
125 315 9
125 318 1
125 324 2
125 330 2
125 349 4
125 363 25
125 383 12
125 397 5
125 471 15
125 475 1
125 490 2
125 494 2
125 498 2
125 500 3
125 516 28
125 531 29
125 576 4
125 596 7
125 609 2
125 628 4
125 635 73
126 133 1
126 138 2
126 158 22
126 159 23
126 160 2
126 161 19
126 187 4
126 190 4
126 203 20
126 204 1
126 220 7
126 259 6
126 308 2
126 309 9
126 315 6
126 330 1
126 349 7
126 350 1
126 357 1
126 363 3
126 383 12
126 397 2
126 401 1
126 424 6
126 439 4
126 471 2
126 490 1
126 498 1
126 516 3
126 531 4
126 577 3
126 580 1
126 596 45
126 598 68
126 600 2
126 625 1
127 128 39
127 170 2
127 250 2
127 251 1
127 269 2
127 309 4
127 339 1
127 348 3
127 368 8
127 436 9
127 440 1
127 453 3
127 462 1
127 492 1
127 502 1
127 562 52
127 631 1
127 634 2
129 290 5
129 404 3
129 548 101
130 167 2
131 259 13
131 268 5
131 276 25
131 277 8
131 509 108
131 511 3
131 523 2
131 624 1
131 640 1
132 168 1
132 169 1
132 173 4
132 195 2
132 213 1
132 216 15
132 240 83
132 241 9
132 243 12
132 244 4
132 245 9
132 246 13
132 333 6
132 368 1
132 399 43
132 434 1
132 450 3
132 501 12
132 525 2
133 138 6
133 145 3
133 155 4
133 157 4
133 187 1
133 236 1
133 288 8
133 309 2
133 330 7
133 336 9
133 370 10
133 404 15
133 472 40
133 490 21
133 491 3
133 513 9
133 516 2
133 531 2
133 532 6
133 533 7
133 536 3
133 548 17
133 567 15
133 600 13
133 637 15
133 639 6
134 439 2
135 142 1
135 146 3
135 153 4
135 156 4
135 158 20
135 159 24
135 160 2
135 161 12
135 165 32
135 177 1
135 187 1
135 188 3
135 190 25
135 203 4
135 205 27
135 209 2
135 220 2
135 221 18
135 223 1
135 238 1
135 252 5
135 255 1
135 270 2
135 271 1
135 281 20
135 308 5
135 315 5
135 317 1
135 321 1
135 339 2
135 346 3
135 363 2
135 374 2
135 383 4
135 393 1
135 397 9
135 401 1
135 402 1
135 414 18
135 445 5
135 471 4
135 486 1
135 498 1
135 504 1
135 516 2
135 531 3
135 558 23
135 559 1
135 567 1
135 573 14
135 576 3
135 596 4
135 601 1
135 603 3
135 631 7
136 214 1
136 225 1
136 333 1
136 533 24
137 164 12
137 437 4
138 144 3
138 155 22
138 157 22
138 187 1
138 259 6
138 288 12
138 309 6
138 330 8
138 336 4
138 358 1
138 362 2
138 370 9
138 466 4
138 490 6
138 508 3
138 516 2
138 531 2
138 532 32
138 546 1
138 548 18
138 567 8
138 596 2
138 600 8
138 637 4
139 190 38
139 209 4
139 465 1
139 494 2
140 159 10
140 254 77
140 255 6
140 264 38
140 275 1
140 320 2
140 347 1
140 380 7
140 414 1
140 417 2
140 431 11
140 433 1
140 470 14
140 497 1
140 557 2
140 568 1
140 572 1
141 142 42
141 417 1
141 420 1
141 504 38
141 506 4
143 161 1
143 176 14
143 307 4
143 354 1
143 374 1
143 397 35
143 398 5
143 401 1
143 473 3
143 534 1
143 565 1
144 155 8
144 157 7
144 226 2
144 242 3
144 258 1
144 288 23
144 330 4
144 386 9
144 404 1
144 490 5
144 508 7
144 530 1
144 532 7
144 546 3
144 566 1
144 567 20
144 600 9
145 546 4
146 151 14
146 193 11
146 194 1
146 226 1
146 275 1
146 291 2
146 376 2
146 395 1
146 417 1
146 433 5
146 504 59
146 505 2
146 506 6
146 602 12
146 607 2
148 603 34
149 155 12
149 157 10
149 168 3
149 185 12
149 186 2
149 187 1
149 201 26
149 202 3
149 203 5
149 204 9
149 220 9
149 226 13
149 229 1
149 231 9
149 238 1
149 242 4
149 249 2
149 252 2
149 253 1
149 257 34
149 258 20
149 259 45
149 260 1
149 261 2
149 268 4
149 269 4
149 276 7
149 277 1
149 280 11
149 288 7
149 290 7
149 307 1
149 309 9
149 324 2
149 329 2
149 330 2
149 334 1
149 335 40
149 336 2
149 337 2
149 349 6
149 354 1
149 362 1
149 363 2
149 368 6
149 370 3
149 371 8
149 373 1
149 383 2
149 389 17
149 390 3
149 400 1
149 402 1
149 405 52
149 411 16
149 419 1
149 424 6
149 426 5
149 428 10
149 430 3
149 440 3
149 453 1
149 459 27
149 464 41
149 466 12
149 475 6
149 490 3
149 493 10
149 494 1
149 502 7
149 508 18
149 511 1
149 514 1
149 515 3
149 516 1
149 530 14
149 531 2
149 532 8
149 538 2
149 542 1
149 545 2
149 548 41
149 549 29
149 550 3
149 562 13
149 567 5
149 577 3
149 586 2
149 588 2
149 594 4
149 595 1
149 596 6
149 600 3
149 605 1
149 624 2
149 628 8
149 631 4
149 633 2
149 634 107
149 637 2
149 638 1
149 640 3
150 459 38
151 395 2
151 413 6
151 419 2
151 429 1
151 435 1
151 504 18
151 602 28
151 616 25
152 558 80
153 159 28
153 162 6
153 163 5
153 164 18
153 165 1
153 168 3
153 176 2
153 177 23
153 178 8
153 190 3
153 193 4
153 194 39
153 200 22
153 208 19
153 214 39
153 220 2
153 223 1
153 229 1
153 231 1
153 232 2
153 235 43
153 244 15
153 255 5
153 257 1
153 263 35
153 270 6
153 272 3
153 273 1
153 288 1
153 293 1
153 314 2
153 317 29
153 318 3
153 320 10
153 321 48
153 322 57
153 323 1
153 325 11
153 326 1
153 332 27
153 339 23
153 340 38
153 344 2
153 347 27
153 351 1
153 354 5
153 358 3
153 364 2
153 366 3
153 373 3
153 397 4
153 400 1
153 401 2
153 410 38
153 413 6
153 414 2
153 417 27
153 419 1
153 424 1
153 430 4
153 431 3
153 433 24
153 435 6
153 458 1
153 467 6
153 474 1
153 476 6
153 482 1
153 484 11
153 485 19
153 495 6
153 497 1
153 500 2
153 501 5
153 504 46
153 505 12
153 506 5
153 540 1
153 557 5
153 568 2
153 572 113
153 573 3
153 577 6
153 586 2
153 588 96
153 602 86
153 604 2
153 616 40
153 619 20
153 626 38
153 628 1
153 638 2
154 199 1
154 400 6
154 603 4
155 157 81
155 259 5
155 288 10
155 290 1
155 309 2
155 330 4
155 336 4
155 362 2
155 370 5
155 466 19
155 490 4
155 508 8
155 532 14
155 546 1
155 548 28
155 567 6
155 600 5
155 618 9
155 637 4
156 158 24
156 159 20
156 160 2
156 161 20
156 169 24
156 187 1
156 188 1
156 190 9
156 203 3
156 213 2
156 252 3
156 278 2
156 308 22
156 310 2
156 315 4
156 319 5
156 355 5
156 363 3
156 367 2
156 383 8
156 384 1
156 397 3
156 447 2
156 471 3
156 486 34
156 489 2
156 498 1
156 516 2
156 531 3
156 538 11
156 558 10
156 576 4
156 596 3
156 630 2
156 631 3
157 186 6
157 224 1
157 231 1
157 236 1
157 259 7
157 262 5
157 270 4
157 288 19
157 290 2
157 309 4
157 324 2
157 330 3
157 335 3
157 336 4
157 337 2
157 362 4
157 370 4
157 371 15
157 405 14
157 490 4
157 508 6
157 532 31
157 546 3
157 548 25
157 550 1
157 567 7
157 599 1
157 600 6
157 618 92
157 637 4
158 160 91
158 161 203
158 169 28
158 176 10
158 179 60
158 189 8
158 190 54
158 198 6
158 203 40
158 220 13
158 262 27
158 267 2
158 297 9
158 308 25
158 319 25
158 352 2
158 363 26
158 397 34
158 398 2
158 445 27
158 453 13
158 455 29
158 470 15
158 498 18
158 516 22
158 517 9
158 531 26
158 539 47
158 558 37
158 602 39
158 608 10
158 620 13
159 160 87
159 161 192
159 163 7
159 164 23
159 165 11
159 168 2
159 169 33
159 170 19
159 176 11
159 178 7
159 181 28
159 182 6
159 186 3
159 187 14
159 190 55
159 195 9
159 197 3
159 199 1
159 200 10
159 203 36
159 205 10
159 208 20
159 211 18
159 218 4
159 220 12
159 221 14
159 223 38
159 226 35
159 227 14
159 231 61
159 240 5
159 241 2
159 242 5
159 245 9
159 249 8
159 254 37
159 256 4
159 257 4
159 258 22
159 259 16
159 260 28
159 261 31
159 265 8
159 267 1
159 268 1
159 269 2
159 270 40
159 272 4
159 273 5
159 278 6
159 280 13
159 281 10
159 287 15
159 288 5
159 291 9
159 296 1
159 298 11
159 305 8
159 306 34
159 308 25
159 309 8
159 314 31
159 319 22
159 321 20
159 322 17
159 324 3
159 326 9
159 328 2
159 330 9
159 331 23
159 336 5
159 339 9
159 340 24
159 344 7
159 346 105
159 347 3
159 349 9
159 351 11
159 354 47
159 357 15
159 358 45
159 360 1
159 363 27
159 364 6
159 367 26
159 368 7
159 370 8
159 373 6
159 374 39
159 381 23
159 383 48
159 386 1
159 388 2
159 389 16
159 390 29
159 394 14
159 397 31
159 406 15
159 407 6
159 408 8
159 410 8
159 413 7
159 414 22
159 423 25
159 424 46
159 429 2
159 430 17
159 434 3
159 440 8
159 447 25
159 449 16
159 452 7
159 454 4
159 455 30
159 462 1
159 466 1
159 468 19
159 469 2
159 470 15
159 471 35
159 472 2
159 473 10
159 475 7
159 478 8
159 480 18
159 481 14
159 485 3
159 486 51
159 491 2
159 497 3
159 498 18
159 499 20
159 500 12
159 504 21
159 508 31
159 512 1
159 516 29
159 517 8
159 526 2
159 531 25
159 533 10
159 534 12
159 536 2
159 537 1
159 538 15
159 539 50
159 541 7
159 546 3
159 547 2
159 549 4
159 552 2
159 554 1
159 555 2
159 557 13
159 558 38
159 559 34
159 560 5
159 562 5
159 566 7
159 568 3
159 573 1
159 576 31
159 585 1
159 589 3
159 592 6
159 596 47
159 601 18
159 602 42
159 603 22
159 609 11
159 613 7
159 619 16
159 620 14
159 625 5
159 628 22
159 630 22
159 631 38
159 635 18
159 637 3
159 640 24
160 161 15
160 192 2
160 315 1
160 322 1
160 453 1
160 495 1
160 543 1
160 582 2
161 165 4
161 169 12
161 179 20
161 181 7
161 185 1
161 188 3
161 189 2
161 190 24
161 192 2
161 203 21
161 205 3
161 209 2
161 213 2
161 221 2
161 231 2
161 240 2
161 249 1
161 254 8
161 262 8
161 265 2
161 284 1
161 299 6
161 308 16
161 309 2
161 314 6
161 315 37
161 319 16
161 322 8
161 331 7
161 332 1
161 336 2
161 345 1
161 346 1
161 363 8
161 374 5
161 396 1
161 397 11
161 407 1
161 413 2
161 414 8
161 433 1
161 443 1
161 445 14
161 452 1
161 453 1
161 455 11
161 456 1
161 470 6
161 471 9
161 480 14
161 490 1
161 498 3
161 504 5
161 515 1
161 516 5
161 521 1
161 531 12
161 534 1
161 538 2
161 539 13
161 541 2
161 543 2
161 558 8
161 559 8
161 562 1
161 566 1
161 576 1
161 582 2
161 591 1
161 596 18
161 602 11
161 620 6
161 624 1
161 635 3
163 164 46
163 177 14
163 178 20
163 205 4
163 331 2
163 364 1
163 416 4
163 437 7
163 474 1
163 569 1
164 178 3
164 254 2
164 350 2
164 352 2
164 404 1
164 430 2
164 437 2
164 504 1
164 558 13
165 190 4
165 205 6
165 221 2
165 315 3
165 397 3
165 414 15
165 504 3
168 265 27
169 187 1
169 190 11
169 203 3
169 205 1
169 213 48
169 223 4
169 238 3
169 278 3
169 308 5
169 310 3
169 315 4
169 321 1
169 336 1
169 346 2
169 363 2
169 383 19
169 397 10
169 414 16
169 431 3
169 471 2
169 486 44
169 489 3
169 494 7
169 498 1
169 516 2
169 531 3
169 538 19
169 557 8
169 558 32
169 573 6
169 576 2
169 588 1
169 590 1
169 596 3
169 630 8
169 631 12
169 633 2
170 268 38
170 270 16
170 524 3
170 617 2
171 553 2
171 572 2
172 190 2
172 308 2
172 319 4
172 363 1
172 383 2
172 445 2
172 471 1
172 486 2
172 516 1
172 531 1
172 601 1
173 240 78
173 244 1
173 288 1
173 532 1
173 633 1
174 288 1
174 336 1
174 370 2
174 490 1
174 533 45
174 548 1
174 553 2
174 567 1
174 600 1
174 633 1
174 637 1
175 469 19
176 235 4
176 325 4
176 374 1
176 447 1
176 593 4
176 627 1
176 630 7
176 631 2
177 178 33
177 213 2
177 291 1
177 314 1
177 322 10
177 453 1
177 504 4
177 606 1
178 183 1
178 193 1
178 209 2
178 322 1
178 339 1
178 343 1
178 416 2
178 422 1
178 430 1
178 455 1
178 500 1
178 535 1
178 616 1
179 180 56
179 181 2
179 182 30
179 187 2
179 188 2
179 189 7
179 190 41
179 192 1
179 193 2
179 198 32
179 200 5
179 203 7
179 204 5
179 207 3
179 208 42
179 209 2
179 211 2
179 212 1
179 214 14
179 218 1
179 220 2
179 224 2
179 226 3
179 228 2
179 231 3
179 232 6
179 233 1
179 235 57
179 240 6
179 242 3
179 249 4
179 253 4
179 255 4
179 258 4
179 259 3
179 260 2
179 262 22
179 263 12
179 266 1
179 270 13
179 278 3
179 281 1
179 282 1
179 288 7
179 298 2
179 302 34
179 306 3
179 308 3
179 309 6
179 310 6
179 312 2
179 315 4
179 317 5
179 318 18
179 321 5
179 322 3
179 324 2
179 325 129
179 330 10
179 331 8
179 336 4
179 337 3
179 339 4
179 342 1
179 345 30
179 346 14
179 349 4
179 351 2
179 353 3
179 354 6
179 355 1
179 356 4
179 357 11
179 358 96
179 361 1
179 363 4
179 364 9
179 370 5
179 376 5
179 382 1
179 383 27
179 389 53
179 390 41
179 393 10
179 394 4
179 397 12
179 401 2
179 402 8
179 406 4
179 409 1
179 410 13
179 416 3
179 423 20
179 424 8
179 425 6
179 426 4
179 427 2
179 430 72
179 431 3
179 432 1
179 434 1
179 442 1
179 445 2
179 449 5
179 450 3
179 452 1
179 453 1
179 454 6
179 455 1
179 456 1
179 458 1
179 459 3
179 461 1
179 465 3
179 466 1
179 468 5
179 469 4
179 471 5
179 472 2
179 473 12
179 474 2
179 479 3
179 480 7
179 481 1
179 485 20
179 486 5
179 489 1
179 490 5
179 491 11
179 492 1
179 494 1
179 495 4
179 498 4
179 500 2
179 503 2
179 505 3
179 508 38
179 511 1
179 513 1
179 514 1
179 515 2
179 516 5
179 524 3
179 527 1
179 530 7
179 531 8
179 532 4
179 534 3
179 537 1
179 538 1
179 539 15
179 540 4
179 541 1
179 545 2
179 546 3
179 548 4
179 553 1
179 557 2
179 559 8
179 562 6
179 563 20
179 564 1
179 567 4
179 568 1
179 570 2
179 576 9
179 586 2
179 588 4
179 589 55
179 593 3
179 595 6
179 596 6
179 600 4
179 602 15
179 603 15
179 608 1
179 610 5
179 611 8
179 612 4
179 614 2
179 615 5
179 619 39
179 622 1
179 625 2
179 626 24
179 627 2
179 628 39
179 630 34
179 631 33
179 633 2
179 635 2
179 637 4
179 640 1
181 190 53
181 337 1
181 376 5
181 423 5
181 545 7
181 563 1
181 570 2
181 620 1
182 195 1
182 198 1
182 204 3
182 262 1
182 345 2
182 358 7
182 381 1
182 389 1
182 390 3
182 430 26
182 540 3
182 559 1
182 593 1
182 640 1
183 215 5
183 391 5
183 525 47
184 196 6
184 219 1
184 240 11
184 269 1
184 557 1
184 568 3
185 259 64
185 349 2
185 428 18
185 624 3
185 634 1
185 640 2
187 190 2
187 203 3
187 252 2
187 259 2
187 308 1
187 309 3
187 330 1
187 363 1
187 383 11
187 397 1
187 430 1
187 471 1
187 486 50
187 490 1
187 498 1
187 516 3
187 531 2
187 596 18
187 601 12
188 190 27
188 262 5
188 270 3
188 307 4
188 351 7
188 376 2
188 388 5
188 397 2
188 445 3
188 473 2
188 499 1
188 533 1
188 534 1
188 559 8
188 603 6
188 609 1
188 622 1
189 190 64
189 209 1
189 278 1
189 326 1
189 355 2
189 383 6
189 393 1
189 622 1
190 191 1
190 192 5
190 193 2
190 203 10
190 205 1
190 208 14
190 209 44
190 213 2
190 216 1
190 218 4
190 220 2
190 223 17
190 224 7
190 226 1
190 229 4
190 231 5
190 238 2
190 241 2
190 245 2
190 249 4
190 251 2
190 252 2
190 255 4
190 260 3
190 261 4
190 262 20
190 265 13
190 270 17
190 272 6
190 278 15
190 280 2
190 281 3
190 282 1
190 287 2
190 288 4
190 297 2
190 308 11
190 309 4
190 315 4
190 318 2
190 319 8
190 320 3
190 322 4
190 324 2
190 326 38
190 330 4
190 331 2
190 334 1
190 336 1
190 339 4
190 340 1
190 344 1
190 346 44
190 351 1
190 354 5
190 355 3
190 357 6
190 358 10
190 363 3
190 364 2
190 373 2
190 374 5
190 376 29
190 383 27
190 389 5
190 393 82
190 394 48
190 396 2
190 397 30
190 401 3
190 402 1
190 406 3
190 414 11
190 430 5
190 431 2
190 434 1
190 435 1
190 445 24
190 452 11
190 453 3
190 454 15
190 455 5
190 468 3
190 469 4
190 470 3
190 471 11
190 473 29
190 474 1
190 475 1
190 479 3
190 481 1
190 484 1
190 487 4
190 489 1
190 491 2
190 492 1
190 494 4
190 495 2
190 498 2
190 500 7
190 504 3
190 508 22
190 515 1
190 516 4
190 526 1
190 527 55
190 531 7
190 533 1
190 534 1
190 535 1
190 538 14
190 539 9
190 540 2
190 541 1
190 543 1
190 545 29
190 557 17
190 558 11
190 559 15
190 563 5
190 567 2
190 570 4
190 573 12
190 575 1
190 576 32
190 586 2
190 588 2
190 589 3
190 593 4
190 595 2
190 596 10
190 599 1
190 602 11
190 603 18
190 608 2
190 609 3
190 615 9
190 620 6
190 622 53
190 627 2
190 628 20
190 631 91
190 633 2
190 635 14
190 636 1
190 640 2
192 315 2
192 349 9
192 415 3
192 539 47
192 541 1
192 577 2
192 602 6
192 603 1
192 619 3
192 631 2
193 271 38
193 339 2
193 345 2
193 420 1
193 475 14
193 480 2
193 504 84
193 506 2
193 507 3
193 586 1
193 595 2
193 602 6
194 208 1
194 325 1
194 410 1
194 433 1
194 504 14
194 626 4
195 240 50
195 245 2
195 283 3
195 294 1
195 338 1
195 375 4
195 450 5
195 455 4
195 456 1
195 491 4
195 501 2
195 525 3
195 530 1
196 214 4
196 217 128
196 235 1
196 239 28
196 258 74
196 269 55
196 277 1
196 280 48
196 304 6
196 333 13
196 347 3
196 368 2
196 371 24
196 387 86
196 451 12
196 452 17
196 466 1
196 467 43
196 477 59
196 479 2
196 505 4
196 523 2
196 528 49
196 594 185
196 640 2
200 229 1
200 231 1
200 254 30
200 255 1
200 258 1
200 262 4
200 305 1
200 309 1
200 317 18
200 341 1
200 346 2
200 358 1
200 364 1
200 390 4
200 397 1
200 413 12
200 431 1
200 457 2
200 461 5
200 475 1
200 504 14
200 505 3
200 602 28
200 616 6
200 631 1
201 459 46
202 427 5
202 440 1
203 204 36
203 219 2
203 220 84
203 229 2
203 231 1
203 257 1
203 259 2
203 260 3
203 262 10
203 270 4
203 278 2
203 280 2
203 307 2
203 308 7
203 309 2
203 315 4
203 318 10
203 324 2
203 329 18
203 346 6
203 349 6
203 350 5
203 354 2
203 363 6
203 364 2
203 379 1
203 380 1
203 383 9
203 397 6
203 424 4
203 430 3
203 435 1
203 436 3
203 439 6
203 440 3
203 453 1
203 469 2
203 471 27
203 473 1
203 476 1
203 489 1
203 498 2
203 514 1
203 516 8
203 517 1
203 528 1
203 530 5
203 531 8
203 567 2
203 570 1
203 576 9
203 577 7
203 594 1
203 596 29
203 598 4
203 603 4
203 625 1
203 630 5
203 633 2
203 635 2
204 220 2
204 424 20
205 221 104
205 315 4
205 414 15
205 510 29
205 603 3
206 207 39
206 224 1
206 288 6
206 309 2
206 330 2
206 336 6
206 370 9
206 456 2
206 490 7
206 498 1
206 508 1
206 516 1
206 531 1
206 532 3
206 546 1
206 548 7
206 564 1
206 567 6
206 596 1
206 600 7
206 603 1
206 637 6
207 288 16
207 309 5
207 312 4
207 330 6
207 336 16
207 337 1
207 370 20
207 403 6
207 429 83
207 490 19
207 508 5
207 516 3
207 530 2
207 531 3
207 532 8
207 546 3
207 548 18
207 567 16
207 596 2
207 600 19
207 603 3
207 637 16
208 424 6
208 539 117
209 376 2
209 420 1
209 435 7
209 474 1
209 475 4
209 494 1
209 526 3
209 622 2
210 232 8
210 233 4
210 514 1
210 610 36
210 611 27
210 620 1
211 265 118
211 557 2
212 259 46
212 268 16
212 270 39
212 280 1
212 309 1
212 640 5
213 291 1
213 431 4
213 494 3
214 234 2
214 347 1
214 616 12
215 217 4
215 240 29
215 284 1
215 396 15
215 429 1
216 217 1
216 240 65
216 241 1
216 248 1
216 284 1
216 294 1
216 295 4
216 338 4
216 364 1
216 375 8
216 434 2
216 450 1
216 499 32
216 525 3
216 533 5
216 566 1
216 602 2
217 219 7
217 231 1
217 233 1
217 240 24
217 245 1
217 247 4
217 248 1
217 269 2
217 285 2
217 289 3
217 294 2
217 324 1
217 333 9
217 351 1
217 364 1
217 373 1
217 396 7
217 401 1
217 499 11
217 525 2
217 530 2
217 534 1
217 537 1
217 542 2
217 557 10
217 566 4
217 587 1
217 594 2
217 602 4
217 603 2
218 265 62
218 266 9
218 522 4
218 631 8
223 487 1
224 273 7
224 533 136
224 641 36
225 533 118
226 603 12
232 233 20
232 610 64
232 611 12
233 564 1
233 610 80
233 611 3
234 332 2
234 433 44
234 470 1
234 504 7
234 602 17
234 616 7
236 292 3
236 490 24
236 491 63
236 513 23
236 599 44
237 573 33
237 574 3
238 364 9
238 376 1
238 400 2
238 422 1
238 558 3
238 587 3
238 603 12
238 607 2
239 280 3
240 241 48
240 242 48
240 243 81
240 244 144
240 245 202
240 246 33
240 247 134
240 249 2
240 250 6
240 253 2
240 258 10
240 259 4
240 262 1
240 266 2
240 270 3
240 281 1
240 283 16
240 284 101
240 285 49
240 288 14
240 289 62
240 294 47
240 295 67
240 299 12
240 306 2
240 309 1
240 314 2
240 324 5
240 329 1
240 330 15
240 333 113
240 336 2
240 338 33
240 350 1
240 357 6
240 359 3
240 367 1
240 368 8
240 370 12
240 375 51
240 378 2
240 383 2
240 386 1
240 389 1
240 391 34
240 396 32
240 404 3
240 426 40
240 427 31
240 434 13
240 438 5
240 440 3
240 441 12
240 442 7
240 443 3
240 450 134
240 455 7
240 456 2
240 461 1
240 463 60
240 475 5
240 484 41
240 494 2
240 497 3
240 499 56
240 501 126
240 502 24
240 508 4
240 515 2
240 525 40
240 530 12
240 532 11
240 533 21
240 538 2
240 539 1
240 542 24
240 543 33
240 545 2
240 548 3
240 557 28
240 560 3
240 566 44
240 567 7
240 568 8
240 573 4
240 583 35
240 586 2
240 593 1
240 596 2
240 597 1
240 600 6
240 602 6
240 603 8
240 610 2
240 630 2
240 631 13
240 633 3
240 637 3
240 638 4
240 639 2
240 640 3
242 259 1
242 283 2
242 288 10
242 289 1
242 294 1
242 330 12
242 370 6
242 377 1
242 415 38
242 416 1
242 424 1
242 425 3
242 429 1
242 442 2
242 455 2
242 466 7
242 502 1
242 503 1
242 530 2
242 532 12
242 533 4
242 536 1
242 542 7
242 548 2
242 567 2
242 600 2
242 636 3
242 638 2
242 639 1
243 294 1
243 295 7
243 375 14
243 463 10
243 525 1
244 375 14
246 391 1
246 450 4
246 520 2
246 617 3
247 427 6
248 371 2
248 427 30
248 440 2
248 475 30
248 583 6
249 250 192
249 251 28
249 252 7
249 253 34
249 258 46
249 259 5
249 270 11
249 281 2
249 283 3
249 288 3
249 309 5
249 324 2
249 330 2
249 362 1
249 368 7
249 370 2
249 371 2
249 372 1
249 373 3
249 383 1
249 384 8
249 394 1
249 401 1
249 402 1
249 427 9
249 434 23
249 440 44
249 441 35
249 462 2
249 475 2
249 486 6
249 494 2
249 502 32
249 532 4
249 548 3
249 557 10
249 558 1
249 566 1
249 567 1
249 569 51
249 576 1
249 596 11
249 600 1
249 603 8
249 605 3
249 628 5
250 251 3
250 434 1
250 601 1
251 252 275
251 253 268
251 257 1
251 258 8
251 259 13
251 276 21
251 288 1
251 309 10
251 330 1
251 368 7
251 370 2
251 371 2
251 383 5
251 401 2
251 434 3
251 455 1
251 475 5
251 502 2
251 530 1
251 532 3
251 535 1
251 548 7
251 558 2
251 562 14
251 567 1
251 577 1
251 596 13
251 600 1
251 603 9
251 605 1
251 631 1
251 634 9
252 265 4
252 276 5
252 383 1
254 255 49
254 260 1
254 263 9
254 264 3
254 293 1
254 315 4
254 317 24
254 318 1
254 320 4
254 325 4
254 332 1
254 339 2
254 354 1
254 357 1
254 367 1
254 374 1
254 380 31
254 410 1
254 413 218
254 414 2
254 417 32
254 431 9
254 433 23
254 435 5
254 451 3
254 453 3
254 467 2
254 470 123
254 485 6
254 491 1
254 504 19
254 505 14
254 506 13
254 507 6
254 514 1
254 557 6
254 568 1
254 573 13
254 577 3
254 602 62
254 616 4
254 626 20
255 306 1
255 351 2
255 401 1
255 435 1
255 603 7
256 357 2
257 421 44
257 476 2
258 260 5
258 265 1
258 269 11
258 270 17
258 274 2
258 276 6
258 280 9
258 281 37
258 294 2
258 297 7
258 306 1
258 314 1
258 319 1
258 320 2
258 324 1
258 333 2
258 337 30
258 348 31
258 351 2
258 354 17
258 364 1
258 368 94
258 369 1
258 370 3
258 371 182
258 372 3
258 373 39
258 374 31
258 389 1
258 402 2
258 404 5
258 411 7
258 414 1
258 424 33
258 427 26
258 429 1
258 434 10
258 440 18
258 447 1
258 462 32
258 468 2
258 470 1
258 480 1
258 486 3
258 500 1
258 504 1
258 508 1
258 515 5
258 516 2
258 520 11
258 534 1
258 537 1
258 538 3
258 539 18
258 540 2
258 542 1
258 548 18
258 550 6
258 559 1
258 560 1
258 562 8
258 565 1
258 566 2
258 576 2
258 587 1
258 594 5
258 596 9
258 600 3
258 602 4
258 603 2
258 610 2
258 628 5
258 638 19
259 260 1
259 268 102
259 269 10
259 270 153
259 276 48
259 277 11
259 280 67
259 282 1
259 288 2
259 309 67
259 315 6
259 322 1
259 324 2
259 330 3
259 334 28
259 339 2
259 345 2
259 349 6
259 363 2
259 364 2
259 368 3
259 370 2
259 376 5
259 383 17
259 384 1
259 389 2
259 400 2
259 411 2
259 413 1
259 428 51
259 434 9
259 451 2
259 453 2
259 454 3
259 464 6
259 466 8
259 471 1
259 475 3
259 483 21
259 489 3
259 491 3
259 492 1
259 511 10
259 513 1
259 515 9
259 530 5
259 531 2
259 532 6
259 541 1
259 544 10
259 548 10
259 549 8
259 562 40
259 567 2
259 570 47
259 576 14
259 577 1
259 588 1
259 595 2
259 596 7
259 605 1
259 609 2
259 624 145
259 631 2
259 633 2
259 634 177
259 640 113
260 272 20
260 290 2
260 310 2
260 321 1
260 368 15
260 424 26
260 462 1
260 474 2
260 478 5
260 486 7
260 494 1
260 500 2
260 530 1
260 539 3
260 596 34
260 620 2
261 262 39
261 353 11
261 468 108
261 523 1
262 264 1
262 270 4
262 278 1
262 288 1
262 297 1
262 305 6
262 307 2
262 308 3
262 309 1
262 315 4
262 318 94
262 324 2
262 325 7
262 339 2
262 346 7
262 349 12
262 350 3
262 351 2
262 353 1
262 354 11
262 356 34
262 358 4
262 362 3
262 363 10
262 370 2
262 376 3
262 381 98
262 383 24
262 389 13
262 394 6
262 397 3
262 400 2
262 402 1
262 411 3
262 423 2
262 430 3
262 445 3
262 449 1
262 451 6
262 452 4
262 453 2
262 454 8
262 465 5
262 468 26
262 470 1
262 471 5
262 473 3
262 478 16
262 480 40
262 489 1
262 492 3
262 494 3
262 498 27
262 500 10
262 504 1
262 508 10
262 514 1
262 515 1
262 516 2
262 523 4
262 531 16
262 532 3
262 534 2
262 539 9
262 540 2
262 541 1
262 559 8
262 560 1
262 563 3
262 570 1
262 573 4
262 577 5
262 578 2
262 584 1
262 586 2
262 589 3
262 595 18
262 596 7
262 602 1
262 603 6
262 608 21
262 612 5
262 614 2
262 619 16
262 625 9
262 626 2
262 628 42
262 630 10
262 635 8
263 626 1
264 417 1
264 470 1
264 475 1
265 266 234
265 267 35
265 272 1
265 282 1
265 286 39
265 288 1
265 293 51
265 296 34
265 298 1
265 299 12
265 309 2
265 322 2
265 324 5
265 330 3
265 336 1
265 342 13
265 344 3
265 346 7
265 350 2
265 351 1
265 359 11
265 364 2
265 367 3
265 376 2
265 383 2
265 394 1
265 395 1
265 396 2
265 397 3
265 400 1
265 401 4
265 402 1
265 406 30
265 407 14
265 408 16
265 412 16
265 425 13
265 430 4
265 431 2
265 438 14
265 443 8
265 456 7
265 460 1
265 469 32
265 474 3
265 475 3
265 480 2
265 484 3
265 485 4
265 486 14
265 490 1
265 492 10
265 494 2
265 497 5
265 499 1
265 508 5
265 514 3
265 522 82
265 526 3
265 527 49
265 529 19
265 535 26
265 542 2
265 545 2
265 551 30
265 552 14
265 553 2
265 554 3
265 555 17
265 557 6
265 559 1
265 565 54
265 567 1
265 568 38
265 582 1
265 585 27
265 586 63
265 592 4
265 595 2
265 596 2
265 603 17
265 607 7
265 609 1
265 611 16
265 630 5
265 631 165
265 633 2
266 631 6
268 269 4
268 270 41
268 272 7
268 276 11
268 279 8
268 280 21
268 304 4
268 354 1
268 368 4
268 400 2
268 424 1
268 428 10
268 452 1
268 453 1
268 478 1
268 480 3
268 483 3
268 502 1
268 511 3
268 558 1
268 570 18
268 577 1
268 624 35
268 630 1
268 640 18
269 277 3
269 279 4
269 280 12
269 304 32
269 318 2
269 347 1
269 371 7
269 435 2
269 436 37
269 452 10
269 453 4
269 462 3
269 467 3
269 474 1
269 477 25
269 502 2
269 511 5
269 518 30
269 523 34
269 528 15
269 557 1
269 578 34
269 594 88
269 595 2
269 624 2
270 272 76
270 278 2
270 279 41
270 280 316
270 289 9
270 291 1
270 294 9
270 295 1
270 306 3
270 314 1
270 339 5
270 350 3
270 367 4
270 371 42
270 375 1
270 382 3
270 393 17
270 394 18
270 397 6
270 398 2
270 430 3
270 445 11
270 447 4
270 453 6
270 479 42
270 483 77
270 489 3
270 493 1
270 539 25
270 576 242
270 579 32
270 588 2
270 601 7
270 613 10
270 635 3
270 640 272
272 483 3
273 275 1
273 292 1
273 333 1
273 395 11
273 400 2
273 492 2
273 508 1
273 533 33
273 547 34
273 564 1
274 298 1
274 299 2
275 485 2
276 277 38
276 309 11
276 334 6
276 370 1
276 371 1
276 383 2
276 428 14
276 430 2
276 466 1
276 475 6
276 492 1
276 502 1
276 511 10
276 515 1
276 532 4
276 548 6
276 562 22
276 596 2
276 600 1
276 624 46
276 628 1
276 634 12
277 428 3
277 475 14
277 511 9
277 624 4
278 287 2
278 310 4
278 355 2
278 367 12
278 392 2
278 449 4
278 486 47
278 494 1
278 538 41
278 569 3
278 613 7
278 631 17
278 635 2
279 280 6
280 294 1
280 319 4
280 351 1
280 368 4
280 371 5
280 387 8
280 401 1
280 411 2
280 414 1
280 440 1
280 453 3
280 454 1
280 479 1
280 480 2
280 486 2
280 500 1
280 502 1
280 538 1
280 539 4
280 540 7
280 558 1
280 565 1
280 579 5
280 587 1
280 594 4
280 596 1
280 600 3
280 601 1
280 602 3
280 603 5
280 628 2
280 640 9
282 361 11
282 573 1
283 339 1
283 372 8
283 427 64
283 434 1
283 501 2
284 285 1
284 427 108
287 308 1
287 309 2
287 310 1
287 355 5
287 363 1
287 370 1
287 383 7
287 397 1
287 438 2
287 453 1
287 459 1
287 471 1
287 486 39
287 489 5
287 498 1
287 514 1
287 516 1
287 531 1
287 532 1
287 548 1
287 592 2
287 596 5
287 600 1
287 601 3
288 292 1
288 330 8
288 336 8
288 362 5
288 370 10
288 386 45
288 388 5
288 405 1
288 467 2
288 490 9
288 508 3
288 532 25
288 546 1
288 548 24
288 550 2
288 567 26
288 568 1
288 600 24
288 618 1
288 637 9
288 640 1
289 294 20
289 450 1
289 566 6
290 405 12
290 494 1
290 548 40
291 310 4
291 367 3
291 376 2
291 449 15
291 486 22
291 557 1
291 576 1
291 601 55
291 620 1
292 490 32
292 491 11
292 513 1
295 391 2
295 463 2
295 520 3
296 327 40
296 359 4
296 412 172
296 425 1
296 438 8
296 461 2
296 522 3
296 535 171
296 551 1
296 557 6
296 585 9
296 593 3
296 631 6
297 315 1
297 326 2
297 363 10
297 379 6
297 455 1
297 471 7
297 516 137
297 517 10
297 531 4
297 596 2
297 635 40
298 350 10
298 602 9
300 337 1
300 404 46
301 336 27
301 636 3
302 589 35
303 603 7
304 436 1
304 518 2
305 306 94
305 307 57
305 314 2
305 318 2
305 331 8
305 332 4
305 339 2
305 345 1
305 349 3
305 398 3
305 401 1
305 403 1
305 419 1
305 425 1
305 430 5
305 441 2
305 447 9
305 451 7
305 452 10
305 453 5
305 454 5
305 458 4
305 462 1
305 466 1
305 468 4
305 476 2
305 477 17
305 478 13
305 480 8
305 489 2
305 498 2
305 499 6
305 502 2
305 504 3
305 505 19
305 506 3
305 507 3
305 516 1
305 534 3
305 539 9
305 557 1
305 559 3
305 568 3
305 594 4
305 602 1
305 603 7
305 605 2
305 608 12
305 612 2
305 613 1
305 614 167
305 616 3
305 624 1
305 628 2
306 313 4
306 324 1
306 331 2
306 341 2
306 351 26
306 352 9
306 398 3
306 406 1
306 443 15
306 452 1
306 455 6
306 458 6
306 496 1
306 508 1
306 530 1
306 534 9
306 537 4
306 541 6
306 587 1
306 603 9
306 606 2
306 628 1
307 456 2
307 499 1
307 507 1
307 532 1
307 541 1
307 614 1
307 625 1
308 315 4
308 319 16
308 355 6
308 363 3
308 383 10
308 384 1
308 397 6
308 447 2
308 449 8
308 471 7
308 479 1
308 486 38
308 489 2
308 498 2
308 516 3
308 531 6
308 538 10
308 557 8
308 558 11
308 564 1
308 576 6
308 596 6
308 630 4
308 631 5
309 324 1
309 330 2
309 334 2
309 349 5
309 352 1
309 358 1
309 363 2
309 368 2
309 370 3
309 404 2
309 428 3
309 430 3
309 455 1
309 464 1
309 490 2
309 492 1
309 502 1
309 515 2
309 516 2
309 531 4
309 532 4
309 534 1
309 548 10
309 560 1
309 562 69
309 596 10
309 600 2
309 631 2
309 634 5
310 352 3
310 417 1
310 449 1
310 486 47
310 538 11
310 613 3
311 391 6
311 525 1
311 583 60
312 330 1
312 336 6
312 370 6
312 404 15
312 490 6
312 508 11
312 530 1
312 532 2
312 546 1
312 548 6
312 564 1
312 567 6
312 600 6
312 603 6
312 637 6
313 443 65
313 492 4
313 521 12
313 534 6
313 540 1
314 331 4
314 370 2
314 390 1
314 430 3
314 435 1
314 455 42
314 474 4
314 479 2
314 492 2
316 603 14
318 453 1
319 324 2
319 330 1
319 355 12
319 363 2
319 383 7
319 384 1
319 397 3
319 445 23
319 447 43
319 449 24
319 453 2
319 471 3
319 479 1
319 486 21
319 489 2
319 490 1
319 498 1
319 516 3
319 531 4
319 538 8
319 539 1
319 558 5
319 564 1
319 596 4
319 630 3
319 631 4
320 321 102
320 339 11
320 435 33
320 475 7
320 484 1
320 573 5
320 574 1
320 575 4
320 577 46
320 616 2
321 340 2
322 323 60
322 328 37
322 332 11
322 333 13
322 339 17
322 346 2
322 347 7
322 352 1
322 356 2
322 359 2
322 364 1
322 366 30
322 367 7
322 368 6
322 372 5
322 373 3
322 375 2
322 380 2
322 400 4
322 401 1
322 404 1
322 406 1
322 413 13
322 414 1
322 417 11
322 419 2
322 430 9
322 431 19
322 433 5
322 435 23
322 444 27
322 465 6
322 474 1
322 475 7
322 476 40
322 482 9
322 484 8
322 485 3
322 492 1
322 494 1
322 501 3
322 504 3
322 510 1
322 514 1
322 515 1
322 520 1
322 530 3
322 541 1
322 560 1
322 561 4
322 563 21
322 567 1
322 572 1
322 575 30
322 586 4
322 588 9
322 590 33
322 602 31
322 605 1
322 607 2
322 613 1
322 620 2
322 626 5
322 635 4
323 366 3
323 476 4
324 375 1
324 425 2
324 564 1
324 603 16
325 430 10
325 473 6
325 619 5
325 626 2
326 339 1
326 393 1
326 481 1
326 557 1
326 575 8
326 590 1
326 631 11
326 635 1
329 439 1
329 440 3
329 471 151
329 524 3
330 336 7
330 358 1
330 370 16
330 490 5
330 508 5
330 516 2
330 531 2
330 532 6
330 533 5
330 536 3
330 546 2
330 548 6
330 567 9
330 576 5
330 600 3
330 637 7
331 390 4
331 400 2
331 430 4
331 431 4
331 453 3
331 465 3
331 539 43
331 540 5
331 595 1
331 615 3
331 619 4
332 358 2
332 433 1
332 604 5
333 338 1
333 372 2
333 375 3
333 434 1
333 450 1
333 533 23
334 576 3
335 548 2
336 351 1
336 370 26
336 490 9
336 508 1
336 532 6
336 536 5
336 546 2
336 548 10
336 564 1
336 567 14
336 568 1
336 600 9
336 637 20
336 639 10
337 395 3
339 340 55
339 467 2
339 494 1
339 495 31
339 497 2
339 573 1
339 613 1
340 495 2
341 357 1
341 603 54
342 438 2
342 460 1
342 513 1
342 611 1
342 631 5
343 406 49
343 526 2
343 554 94
343 555 130
345 563 8
346 393 1
346 545 2
346 558 7
346 631 6
348 368 19
348 371 76
348 462 5
348 515 1
348 638 2
349 358 1
349 363 3
349 381 1
349 383 1
349 389 1
349 405 5
349 411 1
349 415 6
349 424 3
349 428 2
349 486 1
349 493 1
349 509 60
349 531 4
349 539 5
349 549 5
349 562 2
349 570 1
349 596 11
349 624 1
349 625 1
349 634 1
350 406 1
350 425 1
350 431 6
350 494 2
350 503 1
350 561 6
350 571 1
350 572 5
351 352 125
351 370 1
351 385 18
351 398 1
351 425 5
351 430 3
351 431 2
351 437 3
351 443 1
351 453 1
351 459 2
351 475 1
351 496 2
351 497 3
351 498 1
351 534 1
351 539 7
351 540 1
351 541 9
351 564 1
351 603 35
351 630 1
351 633 2
351 640 1
352 430 2
352 431 1
352 459 1
352 497 1
352 514 2
352 587 2
353 465 5
353 468 14
353 477 4
353 480 19
353 528 68
353 578 2
353 608 1
354 358 3
354 363 2
354 366 1
354 411 2
354 424 1
354 430 1
354 433 2
354 440 2
354 441 2
354 451 3
354 452 1
354 468 14
354 473 3
354 477 3
354 480 13
354 523 3
354 524 2
354 541 1
354 557 2
354 558 3
354 591 3
354 609 1
354 625 4
354 640 1
355 367 15
355 383 1
355 384 1
355 453 1
355 486 33
355 488 1
355 538 43
355 582 2
356 381 9
356 389 1
356 430 2
356 465 1
356 468 4
356 478 6
356 480 7
356 492 1
356 494 1
356 557 1
356 570 1
356 578 3
356 595 2
356 619 3
356 625 3
356 631 4
359 362 1
359 460 1
359 461 11
359 565 1
359 638 9
360 361 8
360 475 102
360 497 2
360 512 1
360 603 8
361 475 64
361 603 6
362 532 41
362 545 1
362 618 16
363 383 6
363 397 3
363 424 5
363 471 13
363 486 6
363 498 2
363 516 67
363 517 43
363 531 16
363 596 5
363 635 36
364 365 49
364 419 2
364 422 10
364 431 5
364 432 3
364 456 1
364 541 1
364 544 2
364 587 5
364 590 1
364 595 1
367 389 7
367 390 4
367 430 2
367 446 51
367 447 1
367 448 51
367 449 4
367 453 1
367 479 3
367 486 118
367 487 2
367 488 13
367 489 15
367 494 15
367 504 1
367 514 1
367 538 12
367 570 1
367 586 2
367 592 28
367 613 7
367 620 2
367 631 10
367 634 3
368 376 1
368 453 2
368 480 2
368 500 3
368 525 1
368 539 5
368 569 5
368 596 8
370 455 10
370 456 6
370 490 9
370 498 2
370 508 1
370 516 1
370 531 1
370 532 10
370 533 23
370 536 4
370 546 2
370 548 14
370 567 19
370 596 4
370 600 11
370 636 14
370 637 26
370 639 16
370 641 3
371 424 1
371 427 9
371 434 7
371 456 1
371 462 35
371 502 1
371 530 3
371 634 1
372 373 4
372 427 38
372 450 2
372 501 2
372 520 1
373 441 1
374 587 1
374 603 9
375 442 1
375 450 1
375 463 6
375 484 1
375 494 2
375 501 9
375 545 3
375 586 1
376 394 7
376 431 5
376 449 1
376 452 17
376 454 3
376 465 3
376 545 4
376 613 1
376 615 1
376 622 8
377 475 47
377 503 3
378 381 29
378 382 28
378 426 1
378 429 1
378 443 1
378 468 1
378 471 1
378 504 1
382 603 55
383 384 3
383 397 19
383 445 7
383 455 6
383 471 15
383 515 3
383 516 7
383 531 9
383 538 4
383 539 12
383 557 1
383 558 17
383 593 1
383 596 17
383 601 17
383 602 14
383 603 22
383 635 9
386 532 2
388 423 1
388 456 1
388 490 4
388 508 1
388 513 9
388 532 2
388 533 11
388 536 6
388 546 1
388 548 4
388 567 5
388 600 5
388 630 1
388 636 8
388 637 13
388 639 3
389 390 1
389 473 3
389 524 1
389 612 1
390 414 3
390 433 1
390 461 2
390 524 1
390 593 1
390 612 3
390 630 2
392 486 39
393 394 22
393 397 2
393 445 10
393 480 2
393 484 1
393 486 1
393 491 1
393 500 1
393 533 1
393 538 10
393 557 5
393 576 5
393 622 8
393 631 15
393 635 1
394 452 1
394 453 1
394 557 9
394 576 4
394 617 20
394 622 13
394 630 14
394 631 6
395 419 3
395 437 1
395 485 2
395 513 2
395 533 31
395 547 1
396 434 1
396 438 2
396 450 1
396 463 3
396 499 7
396 525 20
396 568 2
396 583 18
396 596 1
397 398 43
397 401 1
397 422 1
397 434 1
397 447 1
397 468 4
397 469 1
397 470 3
397 471 8
397 473 10
397 474 1
397 475 2
397 481 27
397 491 1
397 494 3
397 498 2
397 516 3
397 524 2
397 531 7
397 534 2
397 539 11
397 541 2
397 563 4
397 565 1
397 568 1
397 576 3
397 588 3
397 589 2
397 595 1
397 596 7
397 601 2
397 603 5
397 625 1
397 626 11
397 627 33
397 631 10
397 633 2
397 634 1
398 534 4
398 541 1
398 603 6
399 463 3
399 520 1
399 595 1
400 430 3
400 435 3
400 456 1
400 458 1
400 479 2
400 480 2
400 512 2
400 515 13
400 537 1
400 541 1
400 557 1
400 586 3
400 587 2
400 603 40
400 610 1
400 615 1
401 409 10
401 416 12
401 425 11
401 429 2
401 438 2
401 442 3
401 475 3
401 484 1
401 485 25
401 509 3
401 514 1
401 553 46
401 557 1
401 560 2
401 573 13
401 593 2
401 600 1
401 611 6
401 623 38
401 628 11
401 630 5
401 631 5
401 633 2
402 403 41
402 404 203
402 490 20
402 493 5
402 508 9
402 516 1
402 531 1
402 532 6
402 546 2
402 548 21
402 550 2
402 567 20
402 596 2
402 600 22
402 637 19
403 404 4
403 475 22
403 493 7
403 508 1
404 453 2
404 490 15
404 508 3
404 532 4
404 535 1
404 546 1
404 548 17
404 550 1
404 567 16
404 596 1
404 600 16
404 603 2
404 633 2
404 637 14
405 439 1
405 475 16
405 490 6
405 493 6
405 508 10
405 548 24
405 549 3
405 600 4
405 632 1
405 636 1
406 407 127
406 408 109
406 512 2
406 526 11
406 554 20
406 555 23
407 554 2
408 526 1
408 555 10
409 416 3
411 424 4
411 480 1
411 481 1
411 493 12
411 508 2
411 539 9
411 540 1
411 541 1
411 546 2
411 548 7
411 603 1
411 625 2
411 631 15
412 427 1
412 438 3
412 469 6
412 486 14
412 514 1
412 529 38
412 535 31
412 596 1
412 603 16
412 631 2
413 433 5
413 470 18
413 504 6
413 506 7
413 577 1
413 588 3
413 602 50
413 626 1
414 420 7
414 470 1
414 471 2
414 486 9
414 498 1
414 504 3
414 505 2
414 516 1
414 531 2
414 542 1
414 543 5
414 558 32
414 559 1
414 573 21
414 576 7
414 588 1
414 596 3
414 631 10
414 633 2
415 416 37
415 425 27
415 475 2
415 509 13
415 510 2
415 512 2
415 533 1
415 536 3
415 546 2
416 429 7
416 477 1
416 485 2
416 508 1
416 532 1
416 534 2
416 536 1
416 541 2
416 546 1
416 548 1
416 567 1
416 596 1
416 603 4
416 623 3
417 433 2
417 467 1
417 524 1
417 579 1
417 590 1
418 443 51
419 483 2
420 504 30
420 505 5
422 431 8
422 432 4
422 544 3
423 508 2
423 527 1
424 428 1
424 440 1
424 445 4
424 446 3
424 447 4
424 448 3
424 471 1
424 478 4
424 486 10
424 500 5
424 516 13
424 524 6
424 530 6
424 540 2
424 548 1
424 550 35
424 596 19
424 601 4
424 609 9
424 624 2
424 625 2
424 630 12
424 635 2
424 640 4
425 429 3
425 443 5
425 458 1
425 486 7
425 496 7
425 534 2
425 560 2
425 565 6
425 586 1
425 592 2
425 603 16
425 607 2
426 435 1
426 465 3
427 428 1
427 434 33
427 438 2
427 441 2
427 442 1
427 450 37
427 463 8
427 475 5
427 484 1
427 501 29
427 502 2
427 515 3
427 520 71
427 532 4
427 539 1
427 542 1
427 543 2
427 548 2
427 567 1
427 568 1
427 593 1
427 596 2
427 598 2
427 600 2
427 602 5
427 624 1
427 631 1
427 634 1
428 562 4
428 595 1
429 600 1
429 633 2
430 431 2
430 444 1
430 456 1
430 459 2
430 464 2
430 465 9
430 473 1
430 478 3
430 479 1
430 480 4
430 486 8
430 492 2
430 494 2
430 514 2
430 540 1
430 557 2
430 559 3
430 560 2
430 562 2
430 563 43
430 576 4
430 577 2
430 586 2
430 589 9
430 605 2
430 609 1
430 620 2
430 630 12
430 631 7
431 482 27
431 547 17
433 504 32
433 602 15
433 616 6
435 573 55
435 574 1
436 451 3
436 492 1
436 562 2
439 580 1
439 581 72
440 478 1
440 502 12
442 564 1
443 467 1
443 480 1
443 492 2
443 498 1
443 521 47
443 530 3
443 534 29
443 541 7
443 567 1
443 595 1
443 603 5
445 447 43
445 452 4
445 453 21
445 468 5
445 471 6
445 475 1
445 479 2
445 480 1
445 486 17
445 489 1
445 490 1
445 494 4
445 498 1
445 504 2
445 514 1
445 516 5
445 531 6
445 538 11
445 545 2
445 557 5
445 558 6
445 564 1
445 570 2
445 576 14
445 578 2
445 595 2
445 596 4
445 601 17
445 603 3
445 609 3
445 612 30
445 620 52
445 621 12
445 630 13
445 631 32
445 633 2
445 640 3
447 448 5
447 449 3
447 596 1
447 601 11
447 612 2
447 620 18
449 538 2
449 601 34
449 613 4
450 501 3
451 452 127
451 453 141
451 454 53
451 468 2
451 477 39
451 480 44
451 540 7
451 601 1
451 608 30
451 625 3
452 453 21
452 477 3
452 608 3
453 454 5
453 477 10
453 523 2
453 528 1
454 477 3
454 483 2
454 608 2
454 622 2
455 456 22
455 471 3
455 474 5
455 490 1
455 492 6
455 493 1
455 498 4
455 506 1
455 508 3
455 516 2
455 530 6
455 531 3
455 532 1
455 534 6
455 539 16
455 540 3
455 542 1
455 548 1
455 567 1
455 568 1
455 596 4
455 600 1
455 603 2
455 619 3
455 625 1
455 628 11
455 637 2
455 640 2
456 492 3
456 506 1
456 534 8
456 587 1
456 614 3
457 458 1
457 556 1
457 603 43
457 604 4
457 630 2
458 530 1
458 539 12
458 541 7
458 603 31
461 469 8
461 525 1
461 552 4
461 564 1
461 565 4
461 583 10
464 549 1
465 468 5
465 477 1
465 480 32
465 528 10
466 493 2
466 508 1
466 509 60
466 530 2
466 532 2
466 548 11
466 549 12
466 566 1
466 634 2
466 638 1
466 640 1
467 603 12
468 476 1
468 480 6
468 523 3
468 524 2
468 528 4
468 531 1
468 539 6
468 557 1
469 497 1
469 514 2
469 527 5
469 552 22
469 564 27
469 565 93
469 582 4
469 583 19
469 596 4
469 603 12
469 608 1
469 631 13
470 497 2
470 504 1
470 506 3
470 507 1
470 576 1
470 588 5
470 589 1
470 602 19
470 603 3
470 626 2
471 498 2
471 516 35
471 531 15
471 596 10
471 635 22
472 490 9
472 508 3
472 516 1
472 531 1
472 532 4
472 548 8
472 567 8
472 600 7
472 637 9
473 475 6
473 478 8
473 481 8
473 559 13
473 625 1
473 631 6
474 492 6
474 526 1
474 620 1
475 476 30
475 547 2
475 591 36
475 632 43
475 636 17
476 571 1
476 590 4
476 602 3
477 523 3
477 534 1
477 559 2
477 576 1
477 594 2
477 600 4
477 616 1
477 625 2
478 480 55
478 502 13
478 505 1
478 516 1
478 530 3
478 531 1
478 596 1
478 609 2
478 614 8
478 616 1
478 625 53
478 640 1
480 502 13
480 505 2
480 514 2
480 577 1
480 586 2
480 594 1
480 595 4
480 607 1
480 608 27
480 625 18
480 631 7
481 494 1
481 588 1
481 595 1
481 609 1
481 626 1
484 557 4
485 504 5
485 602 1
485 616 7
486 487 74
486 488 45
486 489 119
486 491 1
486 494 77
486 497 3
486 498 1
486 514 1
486 515 1
486 516 8
486 523 3
486 527 1
486 529 19
486 530 3
486 531 3
486 532 1
486 535 3
486 538 89
486 539 2
486 545 3
486 548 1
486 558 11
486 559 1
486 562 4
486 564 1
486 567 1
486 568 3
486 570 1
486 576 7
486 582 1
486 583 2
486 586 2
486 592 24
486 595 2
486 596 10
486 600 1
486 601 61
486 603 17
486 612 10
486 613 47
486 615 1
486 620 7
486 621 105
486 622 5
486 624 1
486 630 64
486 635 2
486 640 10
487 494 2
487 538 3
487 601 3
487 622 1
487 630 5
489 538 3
489 601 8
489 610 1
490 491 115
490 508 1
490 513 94
490 516 2
490 531 2
490 532 6
490 546 1
490 548 10
490 567 17
490 568 1
490 576 4
490 599 34
490 600 21
490 637 8
491 513 5
491 576 1
491 599 60
494 613 1
494 620 1
496 603 15
496 631 3
498 516 2
498 531 2
498 596 2
498 604 1
499 501 1
499 542 2
499 557 6
499 566 3
499 594 1
500 516 2
500 524 2
500 630 4
500 635 6
504 505 112
504 506 29
504 507 39
504 513 1
504 586 2
504 588 7
504 595 2
504 602 69
504 607 1
504 616 9
504 626 19
507 568 1
507 602 1
508 539 3
509 511 29
511 518 3
511 634 1
511 640 3
512 603 16
512 607 1
513 600 68
514 535 30
514 564 2
514 586 6
514 620 2
515 603 33
516 517 55
516 531 11
516 596 4
516 609 3
516 630 28
516 635 93
517 635 20
519 641 54
521 534 1
522 551 3
523 595 43
524 593 4
524 617 31
525 583 20
530 534 1
530 537 1
530 604 1
531 539 5
531 596 8
531 609 3
531 632 1
531 635 44
532 546 1
532 548 20
532 567 10
532 596 3
532 600 10
532 618 46
532 637 6
533 536 9
533 546 2
533 547 13
533 548 5
533 553 42
533 564 2
533 566 4
533 567 7
533 568 1
533 569 1
533 577 5
533 600 5
533 628 18
533 630 2
533 633 2
533 636 1
533 637 11
533 639 13
533 640 1
533 641 30
534 539 6
534 541 2
534 558 1
534 632 1
535 557 2
535 563 2
535 564 1
535 570 1
535 586 2
535 588 1
535 596 2
535 603 7
535 611 2
535 633 1
536 546 4
536 637 3
537 603 29
538 539 2
538 549 1
538 558 2
538 575 2
538 576 3
538 582 2
538 596 1
538 601 16
538 603 13
538 610 3
538 611 9
538 620 5
538 630 9
538 631 47
538 634 6
538 635 2
538 640 3
539 540 38
539 541 31
539 548 1
539 562 1
539 563 2
539 567 1
539 570 1
539 573 4
539 589 6
539 591 3
539 596 6
539 600 1
539 602 3
539 603 3
539 606 3
539 607 1
539 612 1
539 615 2
539 625 1
539 626 6
539 627 3
539 628 28
539 633 2
539 637 1
540 640 1
541 587 1
541 603 7
541 614 2
542 543 83
542 548 1
542 566 39
542 567 1
542 568 1
542 596 1
542 600 1
545 622 2
546 600 2
548 550 1
548 567 12
548 577 2
548 596 2
548 600 21
548 603 3
548 634 1
548 637 10
549 630 1
549 631 1
549 634 8
553 560 2
553 623 5
554 555 3
556 603 34
556 604 3
558 573 20
558 596 3
558 603 5
558 613 1
558 620 1
558 626 1
558 628 1
558 633 2
559 563 5
559 573 5
559 576 1
559 588 2
559 589 2
559 596 2
559 613 4
559 615 4
559 630 3
559 640 1
560 561 17
562 596 12
562 600 1
562 605 1
562 625 1
562 631 1
562 634 61
564 565 45
564 620 2
565 582 13
565 608 1
565 611 1
565 631 3
565 638 2
567 600 29
567 603 1
567 637 17
567 639 6
568 610 1
570 609 2
570 620 2
570 640 5
573 574 48
573 602 3
575 631 1
576 631 8
576 640 3
581 593 1
583 632 6
586 609 5
586 610 1
587 607 3
587 620 1
593 617 42
593 630 16
596 597 28
596 598 18
596 600 2
596 601 6
596 605 1
596 625 1
596 628 10
596 630 5
598 600 1
600 634 2
600 637 9
600 640 2
601 607 1
601 609 2
601 630 6
601 640 1
602 603 9
602 607 2
602 615 1
602 616 40
602 620 1
602 624 1
602 631 25
602 633 3
602 637 1
603 604 33
603 605 7
603 607 1
603 610 6
603 611 7
603 612 2
603 613 2
603 615 30
603 618 4
603 622 1
603 624 5
603 628 12
603 630 24
603 631 31
603 633 3
603 635 3
603 638 1
603 640 7
609 613 1
609 620 4
609 630 5
609 635 3
609 640 2
610 631 2
611 617 40
613 630 4
617 630 69
617 631 68
619 626 5
620 621 51
620 630 8
620 631 19
622 630 10
624 634 3
624 640 4
626 627 3
630 635 10
630 640 5
631 633 1
631 635 14
631 640 3
634 640 1
635 639 1
636 637 42
636 639 9
637 639 22
637 641 1
639 641 4
